xof 0303txt 0032
template ColorRGBA {
 <35ff44e0-6c7c-11cf-8f52-0040333594a3>
 FLOAT red;
 FLOAT green;
 FLOAT blue;
 FLOAT alpha;
}

template ColorRGB {
 <d3e16e81-7835-11cf-8f52-0040333594a3>
 FLOAT red;
 FLOAT green;
 FLOAT blue;
}

template Material {
 <3d82ab4d-62da-11cf-ab39-0020af71e433>
 ColorRGBA faceColor;
 FLOAT power;
 ColorRGB specularColor;
 ColorRGB emissiveColor;
 [...]
}

template TextureFilename {
 <a42790e1-7810-11cf-8f52-0040333594a3>
 STRING filename;
}

template Frame {
 <3d82ab46-62da-11cf-ab39-0020af71e433>
 [...]
}

template Matrix4x4 {
 <f6f23f45-7686-11cf-8f52-0040333594a3>
 array FLOAT matrix[16];
}

template FrameTransformMatrix {
 <f6f23f41-7686-11cf-8f52-0040333594a3>
 Matrix4x4 frameMatrix;
}

template Vector {
 <3d82ab5e-62da-11cf-ab39-0020af71e433>
 FLOAT x;
 FLOAT y;
 FLOAT z;
}

template MeshFace {
 <3d82ab5f-62da-11cf-ab39-0020af71e433>
 DWORD nFaceVertexIndices;
 array DWORD faceVertexIndices[nFaceVertexIndices];
}

template Mesh {
 <3d82ab44-62da-11cf-ab39-0020af71e433>
 DWORD nVertices;
 array Vector vertices[nVertices];
 DWORD nFaces;
 array MeshFace faces[nFaces];
 [...]
}

template MeshNormals {
 <f6f23f43-7686-11cf-8f52-0040333594a3>
 DWORD nNormals;
 array Vector normals[nNormals];
 DWORD nFaceNormals;
 array MeshFace faceNormals[nFaceNormals];
}

template MeshMaterialList {
 <f6f23f42-7686-11cf-8f52-0040333594a3>
 DWORD nMaterials;
 DWORD nFaceIndexes;
 array DWORD faceIndexes[nFaceIndexes];
 [Material <3d82ab4d-62da-11cf-ab39-0020af71e433>]
}

template Coords2d {
 <f6f23f44-7686-11cf-8f52-0040333594a3>
 FLOAT u;
 FLOAT v;
}

template MeshTextureCoords {
 <f6f23f40-7686-11cf-8f52-0040333594a3>
 DWORD nTextureCoords;
 array Coords2d textureCoords[nTextureCoords];
}

template XSkinMeshHeader {
 <3cf169ce-ff7c-44ab-93c0-f78f62d172e2>
 WORD nMaxSkinWeightsPerVertex;
 WORD nMaxSkinWeightsPerFace;
 WORD nBones;
}

template SkinWeights {
 <6f0d123b-bad2-4167-a0d0-80224f25fabb>
 STRING transformNodeName;
 DWORD nWeights;
 array DWORD vertexIndices[nWeights];
 array FLOAT weights[nWeights];
 Matrix4x4 matrixOffset;
}

template Animation {
 <3d82ab4f-62da-11cf-ab39-0020af71e433>
 [...]
}

template AnimationSet {
 <3d82ab50-62da-11cf-ab39-0020af71e433>
 [Animation <3d82ab4f-62da-11cf-ab39-0020af71e433>]
}

template FloatKeys {
 <10dd46a9-775b-11cf-8f52-0040333594a3>
 DWORD nValues;
 array FLOAT values[nValues];
}

template TimedFloatKeys {
 <f406b180-7b3b-11cf-8f52-0040333594a3>
 DWORD time;
 FloatKeys tfkeys;
}

template AnimationKey {
 <10dd46a8-775b-11cf-8f52-0040333594a3>
 DWORD keyType;
 DWORD nKeys;
 array TimedFloatKeys keys[nKeys];
}


Material Material__189 {
 0.588000;0.588000;0.588000;1.000000;;
 3.200000;
 0.000000;0.000000;0.000000;;
 0.000000;0.000000;0.000000;;

 TextureFilename {
  "enemies_02.tga";
 }
}

Frame enemies_02 {
 

 FrameTransformMatrix {
  1.000000,0.000000,0.000000,0.000000,0.000000,1.000000,0.000000,0.000000,0.000000,0.000000,1.000000,0.000000,0.000000,0.000000,-0.000001,1.000000;;
 }

 Mesh  {
  130;
  -7.746215;5.261533;-2.625779;,
  0.000000;-1.605967;-0.000000;,
  -4.206616;14.725355;-0.000001;,
  -3.291817;2.766159;-6.046894;,
  -9.427163;5.249577;-3.770621;,
  -7.746215;5.261533;2.625780;,
  -12.912230;10.710999;-0.000000;,
  -3.291817;2.766159;6.046894;,
  0.000000;4.771182;6.473230;,
  -15.566301;5.022582;0.000000;,
  -9.427163;5.249576;3.770622;,
  -20.479974;15.805901;-0.000001;,
  -17.519712;-7.468234;-0.000000;,
  7.746215;5.261533;-2.625779;,
  3.291817;2.766159;-6.046894;,
  4.206616;14.725355;-0.000001;,
  12.912230;10.710999;-0.000000;,
  0.000000;4.771181;-6.473230;,
  0.000000;11.273414;-4.235972;,
  15.566301;5.022582;0.000000;,
  9.427163;5.249577;-3.770621;,
  20.479974;15.805901;-0.000001;,
  17.519712;-7.468234;-0.000000;,
  3.291817;2.766159;6.046894;,
  7.746215;5.261533;2.625780;,
  0.000000;11.273414;4.235972;,
  9.427163;5.249576;3.770622;,
  -12.246365;-2.396580;-2.625780;,
  -4.939136;-1.992100;-2.625780;,
  -12.246365;-2.396580;2.625780;,
  -4.939136;-1.992100;2.625780;,
  -2.596183;-7.411512;-0.000000;,
  12.246365;-2.396580;-2.625780;,
  4.939136;-1.992100;-2.625780;,
  2.596183;-7.411512;-0.000000;,
  12.246365;-2.396580;2.625780;,
  4.939136;-1.992100;2.625780;,
  -7.746216;5.261534;-2.625780;,
  -3.291817;2.766159;-6.046894;,
  -7.746216;5.261534;2.625780;,
  -3.291817;2.766159;6.046894;,
  7.746216;5.261534;-2.625780;,
  3.291817;2.766159;-6.046894;,
  3.291817;2.766159;6.046894;,
  7.746216;5.261534;2.625780;,
  -3.291817;2.766159;-6.046894;,
  0.000000;4.771181;-6.473230;,
  -9.427163;5.249577;-3.770621;,
  -15.566301;5.022582;0.000000;,
  -3.291817;2.766159;6.046894;,
  0.000000;4.771182;6.473230;,
  -15.566301;5.022582;0.000000;,
  -7.746215;5.261533;-2.625779;,
  -7.746215;5.261533;2.625780;,
  -12.912230;10.710999;-0.000000;,
  0.000000;-1.605967;-0.000000;,
  -3.291817;2.766159;6.046894;,
  -3.291817;2.766159;-6.046894;,
  -4.206616;14.725355;-0.000001;,
  0.000000;11.273414;4.235972;,
  0.000000;11.273414;-4.235972;,
  -9.427163;5.249577;-3.770621;,
  -20.479974;15.805901;-0.000001;,
  -9.427163;5.249576;3.770622;,
  -9.427163;5.249577;-3.770621;,
  -9.427163;5.249576;3.770622;,
  -17.519712;-7.468234;-0.000000;,
  3.291817;2.766159;-6.046894;,
  9.427163;5.249577;-3.770621;,
  15.566301;5.022582;0.000000;,
  3.291817;2.766159;6.046894;,
  15.566301;5.022582;0.000000;,
  7.746215;5.261533;-2.625779;,
  12.912230;10.710999;-0.000000;,
  7.746215;5.261533;2.625780;,
  3.291817;2.766159;-6.046894;,
  3.291817;2.766159;6.046894;,
  4.206616;14.725355;-0.000001;,
  9.427163;5.249577;-3.770621;,
  9.427163;5.249576;3.770622;,
  20.479974;15.805901;-0.000001;,
  9.427163;5.249577;-3.770621;,
  17.519712;-7.468234;-0.000000;,
  9.427163;5.249576;3.770622;,
  -7.746215;5.261533;-2.625779;,
  -3.291817;2.766159;-6.046894;,
  -7.746215;5.261533;2.625780;,
  3.291817;2.766159;-6.046894;,
  7.746215;5.261533;-2.625779;,
  7.746215;5.261533;2.625780;,
  -3.291817;2.766159;6.046894;,
  3.291817;2.766159;6.046894;,
  -2.596183;-7.411512;-0.000000;,
  -7.746216;5.261534;2.625780;,
  -12.246365;-2.396580;-2.625780;,
  -12.246365;-2.396580;2.625780;,
  -7.746216;5.261534;-2.625780;,
  -4.939136;-1.992100;2.625780;,
  -3.291817;2.766159;-6.046894;,
  -3.291817;2.766159;6.046894;,
  -4.939136;-1.992100;-2.625780;,
  -12.246365;-2.396580;-2.625780;,
  -2.596183;-7.411512;-0.000000;,
  -12.246365;-2.396580;2.625780;,
  -4.939136;-1.992100;-2.625780;,
  -4.939136;-1.992100;2.625780;,
  -2.596183;-7.411512;-0.000000;,
  2.596183;-7.411512;-0.000000;,
  7.746216;5.261534;2.625780;,
  12.246365;-2.396580;-2.625780;,
  7.746216;5.261534;-2.625780;,
  12.246365;-2.396580;2.625780;,
  4.939136;-1.992100;2.625780;,
  3.291817;2.766159;-6.046894;,
  4.939136;-1.992100;-2.625780;,
  3.291817;2.766159;6.046894;,
  12.246365;-2.396580;-2.625780;,
  12.246365;-2.396580;2.625780;,
  2.596183;-7.411512;-0.000000;,
  4.939136;-1.992100;-2.625780;,
  2.596183;-7.411512;-0.000000;,
  4.939136;-1.992100;2.625780;,
  -3.291817;2.766159;6.046894;,
  -7.746216;5.261534;-2.625780;,
  -7.746216;5.261534;2.625780;,
  -3.291817;2.766159;-6.046894;,
  7.746216;5.261534;2.625780;,
  3.291817;2.766159;-6.046894;,
  3.291817;2.766159;6.046894;,
  7.746216;5.261534;-2.625780;;
  70;
  3;2,0,6;,
  3;0,2,3;,
  3;1,45,17;,
  3;18,46,3;,
  3;9,11,4;,
  3;47,12,48;,
  3;5,2,6;,
  3;2,5,7;,
  3;49,1,8;,
  3;7,50,25;,
  3;11,51,10;,
  3;12,10,51;,
  3;52,53,54;,
  3;55,56,57;,
  3;58,59,60;,
  3;61,62,63;,
  3;64,65,66;,
  3;18,3,2;,
  3;7,25,2;,
  3;15,13,14;,
  3;13,15,16;,
  3;1,17,67;,
  3;18,14,46;,
  3;19,20,21;,
  3;68,69,22;,
  3;24,15,23;,
  3;15,24,16;,
  3;70,8,1;,
  3;23,25,50;,
  3;21,26,71;,
  3;22,71,26;,
  3;72,73,74;,
  3;55,75,76;,
  3;77,60,59;,
  3;78,79,80;,
  3;81,82,83;,
  3;18,15,14;,
  3;23,15,25;,
  3;84,85,86;,
  3;87,88,89;,
  3;86,85,90;,
  3;87,89,91;,
  3;27,38,28;,
  3;38,27,37;,
  3;28,31,27;,
  3;40,29,30;,
  3;29,40,39;,
  3;92,30,29;,
  3;93,94,95;,
  3;94,93,96;,
  3;97,98,99;,
  3;98,97,100;,
  3;101,102,103;,
  3;104,105,106;,
  3;32,42,41;,
  3;42,32,33;,
  3;33,32,34;,
  3;43,35,44;,
  3;35,43,36;,
  3;107,35,36;,
  3;108,109,110;,
  3;109,108,111;,
  3;112,113,114;,
  3;113,112,115;,
  3;116,117,118;,
  3;119,120,121;,
  3;122,123,124;,
  3;123,122,125;,
  3;126,127,128;,
  3;127,126,129;;

  MeshNormals  {
   81;
   -0.145035;0.314526;-0.938104;,
   -0.417099;0.384492;-0.823526;,
   0.324453;-0.673836;-0.663834;,
   -0.305327;0.309818;-0.900438;,
   -0.503244;-0.229315;-0.833162;,
   -0.523800;0.081916;-0.847894;,
   -0.145035;0.314526;0.938103;,
   -0.417099;0.384492;0.823526;,
   0.324453;-0.673836;0.663834;,
   -0.305327;0.309818;0.900438;,
   -0.503244;-0.229315;0.833162;,
   -0.523800;0.081916;0.847894;,
   -0.725729;-0.687981;0.000000;,
   0.000000;-1.000000;0.000000;,
   -0.798883;-0.601487;0.000000;,
   -0.798883;-0.601487;0.000000;,
   0.634356;0.773041;0.000000;,
   0.000000;1.000000;0.000000;,
   -0.000000;1.000000;0.000000;,
   0.690678;0.723162;0.000000;,
   0.690678;0.723162;0.000000;,
   0.843680;-0.536847;-0.000000;,
   0.843680;-0.536847;-0.000000;,
   -0.498141;0.360609;-0.788553;,
   -0.498141;0.360610;0.788553;,
   0.417099;0.384492;-0.823526;,
   0.145035;0.314526;-0.938104;,
   -0.324453;-0.673836;-0.663834;,
   0.305327;0.309818;-0.900438;,
   0.503244;-0.229315;-0.833162;,
   0.523800;0.081916;-0.847894;,
   0.417099;0.384492;0.823526;,
   0.145035;0.314526;0.938103;,
   -0.324453;-0.673836;0.663834;,
   0.305328;0.309818;0.900438;,
   0.503244;-0.229315;0.833162;,
   0.523800;0.081916;0.847894;,
   0.725729;-0.687981;0.000000;,
   0.725729;-0.687981;0.000000;,
   0.798883;-0.601487;0.000000;,
   0.798883;-0.601487;0.000000;,
   -0.634356;0.773041;0.000000;,
   -0.690678;0.723162;0.000000;,
   -0.843680;-0.536847;-0.000000;,
   0.498141;0.360609;-0.788553;,
   0.498141;0.360610;0.788553;,
   -0.488739;-0.872430;0.000000;,
   0.488739;-0.872430;0.000000;,
   -0.488739;-0.872430;0.000000;,
   0.488739;-0.872430;0.000000;,
   0.032708;-0.590889;-0.806089;,
   -0.479990;0.282057;-0.830695;,
   0.023669;-0.427602;-0.903657;,
   0.032708;-0.590889;0.806089;,
   -0.479990;0.282057;0.830695;,
   0.023669;-0.427602;0.903657;,
   -0.862162;0.506633;0.000000;,
   0.944972;-0.327151;0.000000;,
   0.944972;-0.327151;0.000000;,
   0.944972;-0.327151;0.000000;,
   0.944972;-0.327151;0.000000;,
   -0.461124;-0.887336;0.000000;,
   0.917893;0.396829;0.000000;,
   0.479990;0.282057;-0.830695;,
   -0.032708;-0.590889;-0.806089;,
   -0.023669;-0.427602;-0.903657;,
   0.479990;0.282057;0.830695;,
   -0.032708;-0.590889;0.806089;,
   -0.023669;-0.427602;0.903657;,
   0.862162;0.506633;0.000000;,
   -0.944972;-0.327151;0.000000;,
   -0.944972;-0.327151;0.000000;,
   -0.944972;-0.327151;0.000000;,
   -0.944972;-0.327151;0.000000;,
   0.461124;-0.887336;0.000000;,
   -0.917893;0.396829;0.000000;,
   -0.917893;0.396829;0.000000;,
   0.488739;0.872430;0.000000;,
   0.488739;0.872430;0.000000;,
   -0.488739;0.872430;0.000000;,
   -0.488739;0.872430;0.000000;;
   70;
   3;0,0,0;,
   3;1,1,1;,
   3;2,2,2;,
   3;3,3,3;,
   3;4,4,4;,
   3;5,5,5;,
   3;6,6,6;,
   3;7,7,7;,
   3;8,8,8;,
   3;9,9,9;,
   3;10,10,10;,
   3;11,11,11;,
   3;12,12,12;,
   3;13,14,15;,
   3;16,17,18;,
   3;19,19,20;,
   3;21,21,22;,
   3;23,23,23;,
   3;24,24,24;,
   3;25,25,25;,
   3;26,26,26;,
   3;27,27,27;,
   3;28,28,28;,
   3;29,29,29;,
   3;30,30,30;,
   3;31,31,31;,
   3;32,32,32;,
   3;33,33,33;,
   3;34,34,34;,
   3;35,35,35;,
   3;36,36,36;,
   3;37,37,38;,
   3;13,39,40;,
   3;41,18,17;,
   3;42,42,42;,
   3;43,43,43;,
   3;44,44,44;,
   3;45,45,45;,
   3;46,46,46;,
   3;47,47,47;,
   3;48,48,48;,
   3;49,49,49;,
   3;50,50,50;,
   3;51,51,51;,
   3;52,52,52;,
   3;53,53,53;,
   3;54,54,54;,
   3;55,55,55;,
   3;56,56,56;,
   3;56,56,56;,
   3;57,58,59;,
   3;58,57,60;,
   3;61,61,61;,
   3;62,62,62;,
   3;63,63,63;,
   3;64,64,64;,
   3;65,65,65;,
   3;66,66,66;,
   3;67,67,67;,
   3;68,68,68;,
   3;69,69,69;,
   3;69,69,69;,
   3;70,71,72;,
   3;71,70,73;,
   3;74,74,74;,
   3;75,76,75;,
   3;77,77,77;,
   3;78,78,78;,
   3;79,79,79;,
   3;80,80,80;;
  }

  MeshMaterialList  {
   1;
   70;
   0,
   0,
   0,
   0,
   0,
   0,
   0,
   0,
   0,
   0,
   0,
   0,
   0,
   0,
   0,
   0,
   0,
   0,
   0,
   0,
   0,
   0,
   0,
   0,
   0,
   0,
   0,
   0,
   0,
   0,
   0,
   0,
   0,
   0,
   0,
   0,
   0,
   0,
   0,
   0,
   0,
   0,
   0,
   0,
   0,
   0,
   0,
   0,
   0,
   0,
   0,
   0,
   0,
   0,
   0,
   0,
   0,
   0,
   0,
   0,
   0,
   0,
   0,
   0,
   0,
   0,
   0,
   0,
   0,
   0;
   { Material__189 }
  }

  MeshTextureCoords  {
   130;
   0.655954;0.276447;,
   0.593977;0.543258;,
   0.488049;0.111162;,
   0.751404;0.201324;,
   0.545860;0.986269;,
   0.323446;0.281532;,
   0.490635;0.340108;,
   0.225743;0.209363;,
   0.599840;0.385955;,
   0.377966;0.955642;,
   0.652698;0.903641;,
   0.308461;0.636986;,
   0.988370;0.623317;,
   0.655954;0.276447;,
   0.751404;0.201324;,
   0.488049;0.111162;,
   0.490635;0.340108;,
   0.602944;0.703342;,
   0.608392;0.043101;,
   0.377966;0.955642;,
   0.545860;0.986269;,
   0.308461;0.636986;,
   0.988370;0.623317;,
   0.225743;0.209363;,
   0.323446;0.281532;,
   0.425074;0.020331;,
   0.652698;0.903641;,
   0.777090;0.445806;,
   0.837532;0.281269;,
   0.207546;0.454516;,
   0.142101;0.291904;,
   0.975517;0.279464;,
   0.777090;0.445806;,
   0.837532;0.281269;,
   0.975517;0.279464;,
   0.207546;0.454516;,
   0.142101;0.291904;,
   0.655954;0.276447;,
   0.751404;0.201324;,
   0.323446;0.281532;,
   0.225743;0.209363;,
   0.655954;0.276447;,
   0.751404;0.201324;,
   0.225743;0.209363;,
   0.323446;0.281532;,
   0.690653;0.652308;,
   0.739672;0.110465;,
   0.742605;0.977427;,
   0.922713;0.978234;,
   0.686636;0.433438;,
   0.234692;0.118188;,
   0.636662;0.732706;,
   0.043126;0.848041;,
   0.133279;0.848041;,
   0.088203;0.987132;,
   0.593977;0.543258;,
   0.686636;0.433438;,
   0.690653;0.652308;,
   0.488049;0.111162;,
   0.425074;0.020331;,
   0.608392;0.043101;,
   0.545860;0.986269;,
   0.308461;0.636986;,
   0.652698;0.903641;,
   0.742605;0.977427;,
   0.652698;0.903641;,
   0.988370;0.623317;,
   0.690653;0.652308;,
   0.742605;0.977427;,
   0.922713;0.978234;,
   0.686636;0.433438;,
   0.636662;0.732706;,
   0.043126;0.848041;,
   0.088203;0.987132;,
   0.133279;0.848041;,
   0.690653;0.652308;,
   0.686636;0.433438;,
   0.488049;0.111162;,
   0.545860;0.986269;,
   0.652698;0.903641;,
   0.308461;0.636986;,
   0.742605;0.977427;,
   0.988370;0.623317;,
   0.652698;0.903641;,
   0.635288;0.514878;,
   0.674393;0.484844;,
   0.635288;0.560982;,
   0.673831;0.487343;,
   0.634725;0.517378;,
   0.634725;0.563481;,
   0.674393;0.591016;,
   0.673831;0.593515;,
   0.004125;0.294320;,
   0.133279;0.848041;,
   0.043126;0.652576;,
   0.133279;0.652576;,
   0.043126;0.848041;,
   0.813713;0.493823;,
   0.690653;0.652308;,
   0.686636;0.433438;,
   0.815429;0.587300;,
   0.043126;0.652576;,
   0.088202;0.398951;,
   0.133279;0.652576;,
   0.815429;0.587300;,
   0.813713;0.493823;,
   0.957995;0.537929;,
   0.004125;0.294320;,
   0.133279;0.848041;,
   0.043126;0.652576;,
   0.043126;0.848041;,
   0.133279;0.652576;,
   0.813713;0.493823;,
   0.690653;0.652308;,
   0.815429;0.587300;,
   0.686636;0.433438;,
   0.043126;0.652576;,
   0.133279;0.652576;,
   0.088202;0.398951;,
   0.815429;0.587300;,
   0.957995;0.537929;,
   0.813713;0.493823;,
   0.670445;0.489609;,
   0.636808;0.555100;,
   0.636808;0.515443;,
   0.670445;0.580934;,
   0.638178;0.516661;,
   0.671815;0.582152;,
   0.671815;0.490827;,
   0.638178;0.556317;;
  }

  XSkinMeshHeader {
   2;
   0;
   5;
  }

  SkinWeights {
   "Dummy004";
   118;
   0,
   1,
   2,
   3,
   4,
   5,
   6,
   7,
   8,
   9,
   10,
   11,
   12,
   13,
   14,
   15,
   16,
   17,
   18,
   19,
   20,
   21,
   22,
   23,
   24,
   25,
   26,
   27,
   28,
   29,
   30,
   31,
   32,
   33,
   34,
   35,
   36,
   38,
   40,
   42,
   43,
   45,
   46,
   47,
   48,
   49,
   50,
   51,
   52,
   53,
   54,
   55,
   56,
   57,
   58,
   59,
   60,
   61,
   62,
   63,
   64,
   65,
   66,
   67,
   68,
   69,
   70,
   71,
   72,
   73,
   74,
   75,
   76,
   77,
   78,
   79,
   80,
   81,
   82,
   83,
   84,
   85,
   86,
   87,
   88,
   89,
   90,
   91,
   92,
   94,
   95,
   97,
   98,
   99,
   100,
   101,
   102,
   103,
   104,
   105,
   106,
   107,
   109,
   111,
   112,
   113,
   114,
   115,
   116,
   117,
   118,
   119,
   120,
   121,
   122,
   125,
   127,
   128;
   1.000000,
   1.000000,
   1.000000,
   1.000000,
   0.000000,
   1.000000,
   1.000000,
   1.000000,
   1.000000,
   0.000000,
   0.000000,
   0.000000,
   0.000000,
   1.000000,
   1.000000,
   1.000000,
   1.000000,
   1.000000,
   1.000000,
   0.000000,
   0.000000,
   0.000000,
   0.000000,
   1.000000,
   1.000000,
   1.000000,
   0.000000,
   0.000000,
   0.000000,
   0.000000,
   0.000000,
   0.000000,
   0.000000,
   0.000000,
   0.000000,
   0.000000,
   0.000000,
   0.000000,
   0.000000,
   0.000000,
   0.000000,
   1.000000,
   1.000000,
   0.000000,
   0.000000,
   1.000000,
   1.000000,
   0.000000,
   1.000000,
   1.000000,
   1.000000,
   1.000000,
   1.000000,
   1.000000,
   1.000000,
   1.000000,
   1.000000,
   0.000000,
   0.000000,
   0.000000,
   0.000000,
   0.000000,
   0.000000,
   1.000000,
   0.000000,
   0.000000,
   1.000000,
   0.000000,
   1.000000,
   1.000000,
   1.000000,
   1.000000,
   1.000000,
   1.000000,
   0.000000,
   0.000000,
   0.000000,
   0.000000,
   0.000000,
   0.000000,
   1.000000,
   1.000000,
   1.000000,
   1.000000,
   1.000000,
   1.000000,
   1.000000,
   1.000000,
   0.000000,
   0.000000,
   0.000000,
   0.000000,
   0.000000,
   0.000000,
   0.000000,
   0.000000,
   0.000000,
   0.000000,
   0.000000,
   0.000000,
   0.000000,
   0.000000,
   0.000000,
   0.000000,
   0.000000,
   0.000000,
   0.000000,
   0.000000,
   0.000000,
   0.000000,
   0.000000,
   0.000000,
   0.000000,
   0.000000,
   0.000000,
   0.000000,
   0.000000,
   0.000000;
   1.000000,0.000000,0.000000,0.000000,0.000000,1.000000,0.000000,0.000000,0.000000,0.000000,1.000000,0.000000,0.000000,0.000000,-0.000001,1.000000;;
  }

  SkinWeights {
   "Bone014";
   26;
   0,
   4,
   5,
   9,
   10,
   11,
   12,
   37,
   39,
   47,
   48,
   51,
   52,
   53,
   61,
   62,
   63,
   64,
   65,
   66,
   84,
   86,
   93,
   96,
   123,
   124;
   0.000000,
   1.000000,
   0.000000,
   1.000000,
   1.000000,
   1.000000,
   1.000000,
   0.000000,
   0.000000,
   1.000000,
   1.000000,
   1.000000,
   0.000000,
   0.000000,
   1.000000,
   1.000000,
   1.000000,
   1.000000,
   1.000000,
   1.000000,
   0.000000,
   0.000000,
   0.000000,
   0.000000,
   0.000000,
   0.000000;
   -0.997518,-0.000001,0.070413,0.000000,-0.070413,-0.000000,-0.997518,0.000000,0.000001,-1.000000,-0.000000,0.000000,-9.252194,-0.000005,5.862270,1.000000;;
  }

  SkinWeights {
   "Bone012";
   26;
   13,
   19,
   20,
   21,
   22,
   24,
   26,
   41,
   44,
   68,
   69,
   71,
   72,
   74,
   78,
   79,
   80,
   81,
   82,
   83,
   88,
   89,
   108,
   110,
   126,
   129;
   0.000000,
   1.000000,
   1.000000,
   1.000000,
   1.000000,
   0.000000,
   1.000000,
   0.000000,
   0.000000,
   1.000000,
   1.000000,
   1.000000,
   0.000000,
   0.000000,
   1.000000,
   1.000000,
   1.000000,
   1.000000,
   1.000000,
   1.000000,
   0.000000,
   0.000000,
   0.000000,
   0.000000,
   0.000000,
   0.000000;
   0.996097,-0.000000,0.088262,0.000000,-0.088262,0.000000,0.996097,0.000000,-0.000000,-1.000000,0.000000,0.000000,-9.470479,0.000001,-6.287610,1.000000;;
  }

  SkinWeights {
   "Bone016";
   28;
   27,
   28,
   29,
   30,
   31,
   37,
   38,
   39,
   40,
   92,
   93,
   94,
   95,
   96,
   97,
   98,
   99,
   100,
   101,
   102,
   103,
   104,
   105,
   106,
   122,
   123,
   124,
   125;
   1.000000,
   1.000000,
   1.000000,
   1.000000,
   1.000000,
   1.000000,
   1.000000,
   1.000000,
   1.000000,
   1.000000,
   1.000000,
   1.000000,
   1.000000,
   1.000000,
   1.000000,
   1.000000,
   1.000000,
   1.000000,
   1.000000,
   1.000000,
   1.000000,
   1.000000,
   1.000000,
   1.000000,
   1.000000,
   1.000000,
   1.000000,
   1.000000;
   -0.196117,-0.000000,0.980581,0.000000,-0.980581,-0.000000,-0.196117,0.000000,0.000000,-1.000000,0.000000,0.000000,1.415329,0.000001,6.465457,1.000000;;
  }

  SkinWeights {
   "Bone018";
   28;
   32,
   33,
   34,
   35,
   36,
   41,
   42,
   43,
   44,
   107,
   108,
   109,
   110,
   111,
   112,
   113,
   114,
   115,
   116,
   117,
   118,
   119,
   120,
   121,
   126,
   127,
   128,
   129;
   1.000000,
   1.000000,
   1.000000,
   1.000000,
   1.000000,
   1.000000,
   1.000000,
   1.000000,
   1.000000,
   1.000000,
   1.000000,
   1.000000,
   1.000000,
   1.000000,
   1.000000,
   1.000000,
   1.000000,
   1.000000,
   1.000000,
   1.000000,
   1.000000,
   1.000000,
   1.000000,
   1.000000,
   1.000000,
   1.000000,
   1.000000,
   1.000000;
   0.229551,-0.000001,0.973297,0.000000,-0.973297,-0.000000,0.229551,0.000000,0.000000,-1.000000,-0.000001,0.000000,1.920636,0.000006,-6.444403,1.000000;;
  }
 }
}

Frame Dummy004 {
 

 FrameTransformMatrix {
  1.000000,0.000000,0.000000,0.000000,0.000000,0.984808,0.173648,0.000000,0.000000,-0.173648,0.984808,0.000000,0.000000,0.000000,0.000000,1.000000;;
 }

 Frame Bone018 {
  

  FrameTransformMatrix {
   0.229551,-0.940132,0.251908,0.000000,-0.000001,-0.258819,-0.965926,0.000000,0.973296,0.221729,-0.059413,0.000000,5.831430,3.348668,-0.000000,1.000000;;
  }
 }

 Frame Bone016 {
  

  FrameTransformMatrix {
   -0.196117,-0.947168,0.253793,0.000000,-0.000000,-0.258819,-0.965926,0.000000,0.980581,-0.189434,0.050759,0.000000,-6.062332,2.655828,-0.000000,1.000000;;
  }
 }

 Frame Bone014 {
  

  FrameTransformMatrix {
   -0.997518,-0.070413,0.000001,0.000000,-0.000001,0.000000,-1.000000,0.000000,0.070413,-0.997518,-0.000000,0.000000,-9.642010,5.196243,-0.000000,1.000000;;
  }
 }

 Frame Bone012 {
  

  FrameTransformMatrix {
   0.996097,-0.088262,-0.000000,0.000000,0.000000,0.000000,-1.000000,0.000000,0.088262,0.996097,-0.000000,0.000000,9.988474,5.427190,-0.000000,1.000000;;
  }
 }
}

AnimationSet Anim-1 {
 

 Animation Anim-enemies_02 {
  
  { enemies_02 }

  AnimationKey {
   4;
   61;
   0;16;1.000000,0.000000,0.000000,0.000000,0.000000,1.000000,0.000000,0.000000,0.000000,0.000000,1.000000,0.000000,0.000000,0.000000,-0.000001,1.000000;;,
   160;16;1.000000,0.000000,0.000000,0.000000,0.000000,1.000000,0.000000,0.000000,0.000000,0.000000,1.000000,0.000000,0.000000,0.000000,-0.000001,1.000000;;,
   320;16;1.000000,0.000000,0.000000,0.000000,0.000000,1.000000,0.000000,0.000000,0.000000,0.000000,1.000000,0.000000,0.000000,0.000000,-0.000001,1.000000;;,
   480;16;1.000000,0.000000,0.000000,0.000000,0.000000,1.000000,0.000000,0.000000,0.000000,0.000000,1.000000,0.000000,0.000000,0.000000,-0.000001,1.000000;;,
   640;16;1.000000,0.000000,0.000000,0.000000,0.000000,1.000000,0.000000,0.000000,0.000000,0.000000,1.000000,0.000000,0.000000,0.000000,-0.000001,1.000000;;,
   800;16;1.000000,0.000000,0.000000,0.000000,0.000000,1.000000,0.000000,0.000000,0.000000,0.000000,1.000000,0.000000,0.000000,0.000000,-0.000001,1.000000;;,
   960;16;1.000000,0.000000,0.000000,0.000000,0.000000,1.000000,0.000000,0.000000,0.000000,0.000000,1.000000,0.000000,0.000000,0.000000,-0.000001,1.000000;;,
   1120;16;1.000000,0.000000,0.000000,0.000000,0.000000,1.000000,0.000000,0.000000,0.000000,0.000000,1.000000,0.000000,0.000000,0.000000,-0.000001,1.000000;;,
   1280;16;1.000000,0.000000,0.000000,0.000000,0.000000,1.000000,0.000000,0.000000,0.000000,0.000000,1.000000,0.000000,0.000000,0.000000,-0.000001,1.000000;;,
   1440;16;1.000000,0.000000,0.000000,0.000000,0.000000,1.000000,0.000000,0.000000,0.000000,0.000000,1.000000,0.000000,0.000000,0.000000,-0.000001,1.000000;;,
   1600;16;1.000000,0.000000,0.000000,0.000000,0.000000,1.000000,0.000000,0.000000,0.000000,0.000000,1.000000,0.000000,0.000000,0.000000,-0.000001,1.000000;;,
   1760;16;1.000000,0.000000,0.000000,0.000000,0.000000,1.000000,0.000000,0.000000,0.000000,0.000000,1.000000,0.000000,0.000000,0.000000,-0.000001,1.000000;;,
   1920;16;1.000000,0.000000,0.000000,0.000000,0.000000,1.000000,0.000000,0.000000,0.000000,0.000000,1.000000,0.000000,0.000000,0.000000,-0.000001,1.000000;;,
   2080;16;1.000000,0.000000,0.000000,0.000000,0.000000,1.000000,0.000000,0.000000,0.000000,0.000000,1.000000,0.000000,0.000000,0.000000,-0.000001,1.000000;;,
   2240;16;1.000000,0.000000,0.000000,0.000000,0.000000,1.000000,0.000000,0.000000,0.000000,0.000000,1.000000,0.000000,0.000000,0.000000,-0.000001,1.000000;;,
   2400;16;1.000000,0.000000,0.000000,0.000000,0.000000,1.000000,0.000000,0.000000,0.000000,0.000000,1.000000,0.000000,0.000000,0.000000,-0.000001,1.000000;;,
   2560;16;1.000000,0.000000,0.000000,0.000000,0.000000,1.000000,0.000000,0.000000,0.000000,0.000000,1.000000,0.000000,0.000000,0.000000,-0.000001,1.000000;;,
   2720;16;1.000000,0.000000,0.000000,0.000000,0.000000,1.000000,0.000000,0.000000,0.000000,0.000000,1.000000,0.000000,0.000000,0.000000,-0.000001,1.000000;;,
   2880;16;1.000000,0.000000,0.000000,0.000000,0.000000,1.000000,0.000000,0.000000,0.000000,0.000000,1.000000,0.000000,0.000000,0.000000,-0.000001,1.000000;;,
   3040;16;1.000000,0.000000,0.000000,0.000000,0.000000,1.000000,0.000000,0.000000,0.000000,0.000000,1.000000,0.000000,0.000000,0.000000,-0.000001,1.000000;;,
   3200;16;1.000000,0.000000,0.000000,0.000000,0.000000,1.000000,0.000000,0.000000,0.000000,0.000000,1.000000,0.000000,0.000000,0.000000,-0.000001,1.000000;;,
   3360;16;1.000000,0.000000,0.000000,0.000000,0.000000,1.000000,0.000000,0.000000,0.000000,0.000000,1.000000,0.000000,0.000000,0.000000,-0.000001,1.000000;;,
   3520;16;1.000000,0.000000,0.000000,0.000000,0.000000,1.000000,0.000000,0.000000,0.000000,0.000000,1.000000,0.000000,0.000000,0.000000,-0.000001,1.000000;;,
   3680;16;1.000000,0.000000,0.000000,0.000000,0.000000,1.000000,0.000000,0.000000,0.000000,0.000000,1.000000,0.000000,0.000000,0.000000,-0.000001,1.000000;;,
   3840;16;1.000000,0.000000,0.000000,0.000000,0.000000,1.000000,0.000000,0.000000,0.000000,0.000000,1.000000,0.000000,0.000000,0.000000,-0.000001,1.000000;;,
   4000;16;1.000000,0.000000,0.000000,0.000000,0.000000,1.000000,0.000000,0.000000,0.000000,0.000000,1.000000,0.000000,0.000000,0.000000,-0.000001,1.000000;;,
   4160;16;1.000000,0.000000,0.000000,0.000000,0.000000,1.000000,0.000000,0.000000,0.000000,0.000000,1.000000,0.000000,0.000000,0.000000,-0.000001,1.000000;;,
   4320;16;1.000000,0.000000,0.000000,0.000000,0.000000,1.000000,0.000000,0.000000,0.000000,0.000000,1.000000,0.000000,0.000000,0.000000,-0.000001,1.000000;;,
   4480;16;1.000000,0.000000,0.000000,0.000000,0.000000,1.000000,0.000000,0.000000,0.000000,0.000000,1.000000,0.000000,0.000000,0.000000,-0.000001,1.000000;;,
   4640;16;1.000000,0.000000,0.000000,0.000000,0.000000,1.000000,0.000000,0.000000,0.000000,0.000000,1.000000,0.000000,0.000000,0.000000,-0.000001,1.000000;;,
   4800;16;1.000000,0.000000,0.000000,0.000000,0.000000,1.000000,0.000000,0.000000,0.000000,0.000000,1.000000,0.000000,0.000000,0.000000,-0.000001,1.000000;;,
   4960;16;1.000000,0.000000,0.000000,0.000000,0.000000,1.000000,0.000000,0.000000,0.000000,0.000000,1.000000,0.000000,0.000000,0.000000,-0.000001,1.000000;;,
   5120;16;1.000000,0.000000,0.000000,0.000000,0.000000,1.000000,0.000000,0.000000,0.000000,0.000000,1.000000,0.000000,0.000000,0.000000,-0.000001,1.000000;;,
   5280;16;1.000000,0.000000,0.000000,0.000000,0.000000,1.000000,0.000000,0.000000,0.000000,0.000000,1.000000,0.000000,0.000000,0.000000,-0.000001,1.000000;;,
   5440;16;1.000000,0.000000,0.000000,0.000000,0.000000,1.000000,0.000000,0.000000,0.000000,0.000000,1.000000,0.000000,0.000000,0.000000,-0.000001,1.000000;;,
   5600;16;1.000000,0.000000,0.000000,0.000000,0.000000,1.000000,0.000000,0.000000,0.000000,0.000000,1.000000,0.000000,0.000000,0.000000,-0.000001,1.000000;;,
   5760;16;1.000000,0.000000,0.000000,0.000000,0.000000,1.000000,0.000000,0.000000,0.000000,0.000000,1.000000,0.000000,0.000000,0.000000,-0.000001,1.000000;;,
   5920;16;1.000000,0.000000,0.000000,0.000000,0.000000,1.000000,0.000000,0.000000,0.000000,0.000000,1.000000,0.000000,0.000000,0.000000,-0.000001,1.000000;;,
   6080;16;1.000000,0.000000,0.000000,0.000000,0.000000,1.000000,0.000000,0.000000,0.000000,0.000000,1.000000,0.000000,0.000000,0.000000,-0.000001,1.000000;;,
   6240;16;1.000000,0.000000,0.000000,0.000000,0.000000,1.000000,0.000000,0.000000,0.000000,0.000000,1.000000,0.000000,0.000000,0.000000,-0.000001,1.000000;;,
   6400;16;1.000000,0.000000,0.000000,0.000000,0.000000,1.000000,0.000000,0.000000,0.000000,0.000000,1.000000,0.000000,0.000000,0.000000,-0.000001,1.000000;;,
   6560;16;1.000000,0.000000,0.000000,0.000000,0.000000,1.000000,0.000000,0.000000,0.000000,0.000000,1.000000,0.000000,0.000000,0.000000,-0.000001,1.000000;;,
   6720;16;1.000000,0.000000,0.000000,0.000000,0.000000,1.000000,0.000000,0.000000,0.000000,0.000000,1.000000,0.000000,0.000000,0.000000,-0.000001,1.000000;;,
   6880;16;1.000000,0.000000,0.000000,0.000000,0.000000,1.000000,0.000000,0.000000,0.000000,0.000000,1.000000,0.000000,0.000000,0.000000,-0.000001,1.000000;;,
   7040;16;1.000000,0.000000,0.000000,0.000000,0.000000,1.000000,0.000000,0.000000,0.000000,0.000000,1.000000,0.000000,0.000000,0.000000,-0.000001,1.000000;;,
   7200;16;1.000000,0.000000,0.000000,0.000000,0.000000,1.000000,0.000000,0.000000,0.000000,0.000000,1.000000,0.000000,0.000000,0.000000,-0.000001,1.000000;;,
   7360;16;1.000000,0.000000,0.000000,0.000000,0.000000,1.000000,0.000000,0.000000,0.000000,0.000000,1.000000,0.000000,0.000000,0.000000,-0.000001,1.000000;;,
   7520;16;1.000000,0.000000,0.000000,0.000000,0.000000,1.000000,0.000000,0.000000,0.000000,0.000000,1.000000,0.000000,0.000000,0.000000,-0.000001,1.000000;;,
   7680;16;1.000000,0.000000,0.000000,0.000000,0.000000,1.000000,0.000000,0.000000,0.000000,0.000000,1.000000,0.000000,0.000000,0.000000,-0.000001,1.000000;;,
   7840;16;1.000000,0.000000,0.000000,0.000000,0.000000,1.000000,0.000000,0.000000,0.000000,0.000000,1.000000,0.000000,0.000000,0.000000,-0.000001,1.000000;;,
   8000;16;1.000000,0.000000,0.000000,0.000000,0.000000,1.000000,0.000000,0.000000,0.000000,0.000000,1.000000,0.000000,0.000000,0.000000,-0.000001,1.000000;;,
   8160;16;1.000000,0.000000,0.000000,0.000000,0.000000,1.000000,0.000000,0.000000,0.000000,0.000000,1.000000,0.000000,0.000000,0.000000,-0.000001,1.000000;;,
   8320;16;1.000000,0.000000,0.000000,0.000000,0.000000,1.000000,0.000000,0.000000,0.000000,0.000000,1.000000,0.000000,0.000000,0.000000,-0.000001,1.000000;;,
   8480;16;1.000000,0.000000,0.000000,0.000000,0.000000,1.000000,0.000000,0.000000,0.000000,0.000000,1.000000,0.000000,0.000000,0.000000,-0.000001,1.000000;;,
   8640;16;1.000000,0.000000,0.000000,0.000000,0.000000,1.000000,0.000000,0.000000,0.000000,0.000000,1.000000,0.000000,0.000000,0.000000,-0.000001,1.000000;;,
   8800;16;1.000000,0.000000,0.000000,0.000000,0.000000,1.000000,0.000000,0.000000,0.000000,0.000000,1.000000,0.000000,0.000000,0.000000,-0.000001,1.000000;;,
   8960;16;1.000000,0.000000,0.000000,0.000000,0.000000,1.000000,0.000000,0.000000,0.000000,0.000000,1.000000,0.000000,0.000000,0.000000,-0.000001,1.000000;;,
   9120;16;1.000000,0.000000,0.000000,0.000000,0.000000,1.000000,0.000000,0.000000,0.000000,0.000000,1.000000,0.000000,0.000000,0.000000,-0.000001,1.000000;;,
   9280;16;1.000000,0.000000,0.000000,0.000000,0.000000,1.000000,0.000000,0.000000,0.000000,0.000000,1.000000,0.000000,0.000000,0.000000,-0.000001,1.000000;;,
   9440;16;1.000000,0.000000,0.000000,0.000000,0.000000,1.000000,0.000000,0.000000,0.000000,0.000000,1.000000,0.000000,0.000000,0.000000,-0.000001,1.000000;;,
   9600;16;1.000000,0.000000,0.000000,0.000000,0.000000,1.000000,0.000000,0.000000,0.000000,0.000000,1.000000,0.000000,0.000000,0.000000,-0.000001,1.000000;;;
  }
 }

 Animation Anim-Dummy004 {
  
  { Dummy004 }

  AnimationKey {
   4;
   61;
   0;16;1.000000,0.000000,0.000000,0.000000,0.000000,0.984808,0.173648,0.000000,0.000000,-0.173648,0.984808,0.000000,0.000000,0.000000,0.000000,1.000000;;,
   160;16;1.000000,0.000000,0.000000,0.000000,0.000000,0.988519,0.151099,0.000000,0.000000,-0.151099,0.988519,0.000000,0.000000,0.172846,-0.024911,1.000000;;,
   320;16;1.000000,0.000000,0.000000,0.000000,0.000000,0.991950,0.126632,0.000000,0.000000,-0.126632,0.991950,0.000000,0.000000,0.345692,-0.049821,1.000000;;,
   480;16;1.000000,0.000000,0.000000,0.000000,0.000000,0.994930,0.100568,0.000000,0.000000,-0.100568,0.994930,0.000000,0.000000,0.518538,-0.074732,1.000000;;,
   640;16;1.000000,0.000000,0.000000,0.000000,0.000000,0.997315,0.073238,0.000000,0.000000,-0.073238,0.997315,0.000000,0.000000,0.691384,-0.099643,1.000000;;,
   800;16;1.000000,0.000000,0.000000,0.000000,0.000000,0.998988,0.044982,0.000000,0.000000,-0.044982,0.998988,0.000000,0.000000,0.864230,-0.124554,1.000000;;,
   960;16;1.000000,0.000000,0.000000,0.000000,0.000000,0.999870,0.016144,0.000000,0.000000,-0.016144,0.999870,0.000000,0.000000,1.037076,-0.149464,1.000000;;,
   1120;16;1.000000,0.000000,0.000000,0.000000,0.000000,0.999916,-0.012926,0.000000,0.000000,0.012926,0.999916,0.000000,0.000000,1.209922,-0.174375,1.000000;;,
   1280;16;1.000000,0.000000,0.000000,0.000000,0.000000,0.999123,-0.041876,0.000000,0.000000,0.041876,0.999123,0.000000,0.000000,1.382768,-0.199286,1.000000;;,
   1440;16;1.000000,0.000000,0.000000,0.000000,0.000000,0.997522,-0.070355,0.000000,0.000000,0.070355,0.997522,0.000000,0.000000,1.555613,-0.224197,1.000000;;,
   1600;16;1.000000,0.000000,0.000000,0.000000,0.000000,0.995185,-0.098017,0.000000,0.000000,0.098017,0.995185,0.000000,0.000000,1.728459,-0.249107,1.000000;;,
   1760;16;1.000000,0.000000,0.000000,0.000000,0.000000,0.992217,-0.124522,0.000000,0.000000,0.124522,0.992217,0.000000,0.000000,1.901305,-0.274018,1.000000;;,
   1920;16;1.000000,0.000000,0.000000,0.000000,0.000000,0.988757,-0.149535,0.000000,0.000000,0.149535,0.988757,0.000000,0.000000,2.074151,-0.298929,1.000000;;,
   2080;16;1.000000,0.000000,0.000000,0.000000,0.000000,0.984968,-0.172735,0.000000,0.000000,0.172735,0.984968,0.000000,0.000000,2.246997,-0.323840,1.000000;;,
   2240;16;1.000000,0.000000,0.000000,0.000000,0.000000,0.981040,-0.193806,0.000000,0.000000,0.193806,0.981040,0.000000,0.000000,2.419843,-0.348750,1.000000;;,
   2400;16;1.000000,0.000000,0.000000,0.000000,0.000000,0.977173,-0.212444,0.000000,0.000000,0.212444,0.977173,0.000000,0.000000,2.592689,-0.373661,1.000000;;,
   2560;16;1.000000,0.000000,0.000000,0.000000,0.000000,0.973579,-0.228351,0.000000,0.000000,0.228351,0.973579,0.000000,0.000000,2.765535,-0.398572,1.000000;;,
   2720;16;1.000000,0.000000,0.000000,0.000000,0.000000,0.970467,-0.241234,0.000000,0.000000,0.241234,0.970467,0.000000,0.000000,2.938381,-0.423483,1.000000;;,
   2880;16;1.000000,0.000000,0.000000,0.000000,0.000000,0.968038,-0.250802,0.000000,0.000000,0.250802,0.968038,0.000000,0.000000,3.111227,-0.448393,1.000000;;,
   3040;16;1.000000,0.000000,0.000000,0.000000,0.000000,0.966474,-0.256764,0.000000,0.000000,0.256764,0.966474,0.000000,0.000000,3.284073,-0.473304,1.000000;;,
   3200;16;1.000000,0.000000,0.000000,0.000000,0.000000,0.965926,-0.258819,0.000000,0.000000,0.258819,0.965926,0.000000,0.000000,3.456919,-0.498215,1.000000;;,
   3360;16;1.000000,0.000000,0.000000,0.000000,0.000000,0.966198,-0.257802,0.000000,0.000000,0.257802,0.966198,0.000000,0.000000,3.370496,-0.485759,1.000000;;,
   3520;16;1.000000,0.000000,0.000000,0.000000,0.000000,0.966987,-0.254828,0.000000,0.000000,0.254828,0.966987,0.000000,0.000000,3.284072,-0.473304,1.000000;;,
   3680;16;1.000000,0.000000,0.000000,0.000000,0.000000,0.968243,-0.250013,0.000000,0.000000,0.250013,0.968243,0.000000,0.000000,3.197650,-0.460849,1.000000;;,
   3840;16;1.000000,0.000000,0.000000,0.000000,0.000000,0.969909,-0.243470,0.000000,0.000000,0.243470,0.969909,0.000000,0.000000,3.111227,-0.448393,1.000000;;,
   4000;16;1.000000,0.000000,0.000000,0.000000,0.000000,0.971920,-0.235311,0.000000,0.000000,0.235311,0.971920,0.000000,0.000000,3.024804,-0.435938,1.000000;;,
   4160;16;1.000000,0.000000,0.000000,0.000000,0.000000,0.974209,-0.225647,0.000000,0.000000,0.225647,0.974209,0.000000,0.000000,2.938381,-0.423483,1.000000;;,
   4320;16;1.000000,0.000000,0.000000,0.000000,0.000000,0.976704,-0.214590,0.000000,0.000000,0.214590,0.976704,0.000000,0.000000,2.851958,-0.411027,1.000000;;,
   4480;16;1.000000,0.000000,0.000000,0.000000,0.000000,0.979333,-0.202253,0.000000,0.000000,0.202253,0.979333,0.000000,0.000000,2.765535,-0.398572,1.000000;;,
   4640;16;1.000000,0.000000,0.000000,0.000000,0.000000,0.982025,-0.188749,0.000000,0.000000,0.188749,0.982025,0.000000,0.000000,2.679111,-0.386116,1.000000;;,
   4800;16;1.000000,0.000000,0.000000,0.000000,0.000000,0.984711,-0.174194,0.000000,0.000000,0.174194,0.984711,0.000000,0.000000,2.592689,-0.373661,1.000000;;,
   4960;16;1.000000,0.000000,0.000000,0.000000,0.000000,0.987326,-0.158704,0.000000,0.000000,0.158704,0.987326,0.000000,0.000000,2.506266,-0.361206,1.000000;;,
   5120;16;1.000000,0.000000,0.000000,0.000000,0.000000,0.989809,-0.142399,0.000000,0.000000,0.142399,0.989809,0.000000,0.000000,2.419843,-0.348750,1.000000;;,
   5280;16;1.000000,0.000000,0.000000,0.000000,0.000000,0.992106,-0.125402,0.000000,0.000000,0.125402,0.992106,0.000000,0.000000,2.333420,-0.336295,1.000000;;,
   5440;16;1.000000,0.000000,0.000000,0.000000,0.000000,0.994169,-0.107835,0.000000,0.000000,0.107835,0.994169,0.000000,0.000000,2.246997,-0.323840,1.000000;;,
   5600;16;1.000000,0.000000,0.000000,0.000000,0.000000,0.995958,-0.089824,0.000000,0.000000,0.089824,0.995958,0.000000,0.000000,2.160574,-0.311384,1.000000;;,
   5760;16;1.000000,0.000000,0.000000,0.000000,0.000000,0.997441,-0.071497,0.000000,0.000000,0.071497,0.997441,0.000000,0.000000,2.074152,-0.298929,1.000000;;,
   5920;16;1.000000,0.000000,0.000000,0.000000,0.000000,0.998595,-0.052983,0.000000,0.000000,0.052983,0.998595,0.000000,0.000000,1.987728,-0.286473,1.000000;;,
   6080;16;1.000000,0.000000,0.000000,0.000000,0.000000,0.999408,-0.034411,0.000000,0.000000,0.034411,0.999408,0.000000,0.000000,1.901305,-0.274018,1.000000;;,
   6240;16;1.000000,0.000000,0.000000,0.000000,0.000000,0.999873,-0.015911,0.000000,0.000000,0.015911,0.999873,0.000000,0.000000,1.814882,-0.261563,1.000000;;,
   6400;16;1.000000,0.000000,0.000000,0.000000,0.000000,0.999997,0.002386,0.000000,0.000000,-0.002386,0.999997,0.000000,0.000000,1.728459,-0.249107,1.000000;;,
   6560;16;1.000000,0.000000,0.000000,0.000000,0.000000,0.999793,0.020350,0.000000,0.000000,-0.020350,0.999793,0.000000,0.000000,1.642036,-0.236652,1.000000;;,
   6720;16;1.000000,0.000000,0.000000,0.000000,0.000000,0.999283,0.037851,0.000000,0.000000,-0.037851,0.999283,0.000000,0.000000,1.555613,-0.224197,1.000000;;,
   6880;16;1.000000,0.000000,0.000000,0.000000,0.000000,0.998500,0.054762,0.000000,0.000000,-0.054762,0.998500,0.000000,0.000000,1.469191,-0.211741,1.000000;;,
   7040;16;1.000000,0.000000,0.000000,0.000000,0.000000,0.997480,0.070953,0.000000,0.000000,-0.070953,0.997480,0.000000,0.000000,1.382767,-0.199286,1.000000;;,
   7200;16;1.000000,0.000000,0.000000,0.000000,0.000000,0.996269,0.086301,0.000000,0.000000,-0.086301,0.996269,0.000000,0.000000,1.296345,-0.186831,1.000000;;,
   7360;16;1.000000,0.000000,0.000000,0.000000,0.000000,0.994919,0.100682,0.000000,0.000000,-0.100682,0.994919,0.000000,0.000000,1.209922,-0.174375,1.000000;;,
   7520;16;1.000000,0.000000,0.000000,0.000000,0.000000,0.993484,0.113971,0.000000,0.000000,-0.113971,0.993484,0.000000,0.000000,1.123499,-0.161920,1.000000;;,
